0.00994794
0.0103164
0.0110056
0.0119738
0.0131209
0.0145348
0.016135
0.017993
0.0201172
0.0225023
0.0252868
0.0283746
0.031936
0.0360251
0.0406547
0.046024
0.0521017
0.0590419
0.0670043
0.0756374
0.0851143
0.0207749
0.0236738
0.0271365
0.0311068
0.0355935
0.0407028
0.0464338
0.0529814
0.0603208
0.0685639
0.077308
0.0868942
0.0972228
0.10859
0.121095
0.134793
0.149869
0.166529
0.184928
0.205182
0.227644
0.0296957
0.0348228
0.0407565
0.0474451
0.0550292
0.0635463
0.0727938
0.0825129
0.0930429
0.104378
0.116739
0.130291
0.145135
0.161447
0.179324
0.199078
0.220836
0.244831
0.271336
0.300599
0.332921
0.0377778
0.0450024
0.0532352
0.0626011
0.0726429
0.0831723
0.0944575
0.106534
0.119644
0.133947
0.149535
0.166607
0.185375
0.205963
0.228623
0.253559
0.281098
0.311449
0.344973
0.381986
0.422923
0.0454025
0.0545895
0.0651051
0.0760909
0.0876753
0.0999563
0.113167
0.127452
0.142995
0.15994
0.178486
0.198822
0.221102
0.245593
0.27252
0.30221
0.334922
0.370982
0.410843
0.454881
0.503539
0.0526459
0.0637996
0.0756055
0.0879147
0.100961
0.114917
0.129983
0.146337
0.164004
0.183584
0.204798
0.228108
0.253671
0.281769
0.312665
0.346727
0.384255
0.425704
0.471411
0.521869
0.577597
0.0595843
0.0721479
0.0849645
0.0985561
0.113033
0.128591
0.145435
0.163671
0.183652
0.205414
0.229225
0.255318
0.283982
0.315448
0.350109
0.388223
0.430294
0.476672
0.527871
0.584373
0.646813
0.0662177
0.0796345
0.0935626
0.108338
0.124193
0.1413
0.159827
0.179935
0.201865
0.225856
0.252069
0.280824
0.312414
0.347109
0.385302
0.427282
0.473638
0.524732
0.58112
0.643396
0.712155
0.0723174
0.0865286
0.101476
0.117474
0.13467
0.153204
0.17331
0.195182
0.219095
0.245124
0.273707
0.304998
0.339341
0.37707
0.418618
0.46438
0.51481
0.570412
0.631754
0.699465
0.774293
0.0778834
0.092938
0.108933
0.126073
0.144464
0.164465
0.186111
0.20968
0.235342
0.263485
0.294214
0.328002
0.364989
0.405703
0.450509
0.499781
0.554112
0.614031
0.680149
0.75316
0.833823
0.0830681
0.0989703
0.115933
0.134189
0.153878
0.175136
0.198307
0.223483
0.250985
0.280992
0.313891
0.349993
0.389584
0.433168
0.481049
0.533752
0.591916
0.655958
0.726676
0.804746
0.890969
0.0878716
0.104679
0.122629
0.141928
0.162761
0.185378
0.209896
0.236697
0.265873
0.297804
0.332815
0.371133
0.413277
0.459516
0.510464
0.566504
0.628298
0.696404
0.771486
0.854485
0.946103
0.0925226
0.110119
0.12902
0.149291
0.171264
0.195137
0.221107
0.249376
0.280231
0.31403
0.350985
0.39158
0.436067
0.485015
0.538903
0.598143
0.663482
0.735476
0.814951
0.902642
0.999524
0.0968687
0.115344
0.135107
0.156385
0.179464
0.204575
0.231863
0.261628
0.294136
0.329668
0.368627
0.411282
0.458181
0.509717
0.566367
0.628828
0.697543
0.773385
0.856997
0.949375
1.05138
0.101062
0.120299
0.140966
0.163211
0.187435
0.213691
0.24224
0.273451
0.307512
0.344827
0.385666
0.430451
0.479617
0.533675
0.59308
0.65856
0.730706
0.810236
0.897923
0.99479
1.10175
0.105103
0.125093
0.146597
0.169821
0.195028
0.222485
0.252314
0.2849
0.32051
0.359504
0.402177
0.449034
0.500452
0.556943
0.619118
0.687549
0.762971
0.846083
0.937804
1.03904
1.15084
0.108992
0.129671
0.151999
0.176217
0.202468
0.231011
0.262086
0.296081
0.333206
0.373809
0.418311
0.467139
0.520685
0.579626
0.644481
0.715796
0.794412
0.881084
0.976713
1.08224
1.19875
0.112728
0.134141
0.157249
0.182344
0.209604
0.239269
0.27163
0.306888
0.345449
0.387686
0.433993
0.484764
0.540466
0.601778
0.669168
0.743354
0.825105
0.915238
1.01473
1.12444
1.24562
0.116311
0.13845
0.162423
0.188363
0.216589
0.247313
0.280871
0.317427
0.357464
0.401296
0.449297
0.501963
0.559796
0.623399
0.69333
0.770329
0.855198
0.948706
1.05184
1.16569
1.29151
0.119819
0.142651
0.167369
0.194168
0.223346
0.255142
0.289809
0.327752
0.369178
0.414533
0.464225
0.518789
0.578676
0.644541
0.716967
0.796722
0.884618
0.981433
1.08829
1.2062
1.33644
0.12325
0.14669
0.172163
0.199864
0.229951
0.26281
0.298596
0.337757
0.380589
0.427503
0.478852
0.535243
0.597178
0.665259
0.740154
0.822584
0.913439
1.01353
1.12399
1.24586
1.38047
