0.00880425
0.00812201
0.00754935
0.00712503
0.00677688
0.00646106
0.00625
0.00625
0.00625
0.00625
0.00625
0.00625
0.00625
0.00625
0.00625
0.00625
0.00625
0.00625
0.00625
0.00625
0.00625
0.00636256
0.00658063
0.00675544
0.00703603
0.00723955
0.00752543
0.00785568
0.00817741
0.00858769
0.00896946
0.00939221
0.00988107
0.0103753
0.0109755
0.0115806
0.0122193
0.0129248
0.0137422
0.0145725
0.0154235
0.0164211
0.0175049
0.0186537
0.0199061
0.0213068
0.0227954
0.0243664
0.0261191
0.0280272
0.0300278
0.0137603
0.0133061
0.0129281
0.0126796
0.0125247
0.0124311
0.0123616
0.012415
0.0124773
0.0125749
0.0126869
0.012883
0.0130891
0.0133378
0.0137059
0.0140532
0.0144601
0.0148832
0.0153887
0.0158611
0.0164721
0.0170929
0.0178222
0.0185886
0.0194628
0.0203393
0.0213476
0.0224188
0.0235967
0.0248036
0.0261803
0.0276827
0.0292468
0.0309645
0.0327785
0.0348469
0.0369865
0.0393438
0.0419482
