# ievent	Q2[GeV^2]	W2[GeV^2]	x	y
1 5.74033 7.40438 0.46805 0.221221
2 3.86677 8.99068 0.322847 0.216528
3 8.90516 18.362 0.337485 0.476896
4 6.9052 12.6392 0.369973 0.337157
5 15.3416 31.7373 0.33208 0.835012
6 4.65286 11.7206 0.300319 0.280182
7 11.4685 22.1019 0.350825 0.590686
8 4.6048 8.49338 0.376892 0.220695
9 10.7572 10.889 0.518025 0.374256
10 5.25689 8.39546 0.411595 0.230579
11 8.69311 10.3099 0.479683 0.326817
12 7.62662 12.3863 0.398619 0.345466
13 3.75808 10.0584 0.290511 0.23398
14 6.40732 9.8484 0.416726 0.277551
15 7.9325 12.3997 0.407801 0.35118
16 5.40946 12.3247 0.320964 0.304691
17 7.53223 12.5078 0.393129 0.345984
18 9.98027 10.8918 0.499219 0.360411
19 16.1022 28.825 0.36557 0.795704
20 11.1954 10.6246 0.53465 0.37729
21 5.40782 12.3122 0.321136 0.304434
22 4.48064 10.5526 0.316588 0.255883
23 8.28555 7.47358 0.556871 0.268001
24 7.67736 10.3474 0.447806 0.309331
25 7.06295 9.13219 0.461185 0.276266
26 11.8353 25.1904 0.327436 0.653359
27 11.7728 18.6438 0.398588 0.533304
28 10.571 21.751 0.33621 0.568261
29 4.50662 8.59285 0.368817 0.220746
30 14.7651 16.7689 0.481675 0.552758
31 7.15748 12.2547 0.386225 0.334685
32 9.42887 7.85264 0.57489 0.295336
33 13.1539 18.6662 0.425146 0.558412
34 8.97787 4.98674 0.686158 0.235203
35 5.39016 12.4955 0.316969 0.307448
36 4.71346 11.0225 0.317285 0.268584
37 13.83 24.3646 0.370635 0.674028
38 6.01047 9.62794 0.407267 0.266448
39 7.01061 12.5943 0.374407 0.338227
40 6.75269 10.4559 0.41356 0.294764
41 8.36284 13.5711 0.397218 0.380157
42 5.25202 8.45475 0.409469 0.231569
43 5.695 14.5166 0.2946 0.349619
44 8.82652 7.10963 0.586254 0.271065
45 6.24005 15.9951 0.292208 0.386229
46 11.299 16.7465 0.415938 0.490361
47 5.3013 10.3962 0.357781 0.267721
48 6.94476 9.86521 0.435965 0.287469
49 5.4742 8.71761 0.411239 0.240318
50 10.0221 19.4804 0.350151 0.517191
51 8.14925 5.18175 0.654524 0.223926
52 4.66168 11.4011 0.307045 0.274536
53 4.27741 8.90972 0.347565 0.222402
54 6.35958 6.93293 0.512367 0.223732
55 6.22912 15.9104 0.293009 0.384494
56 7.21463 9.50215 0.455572 0.2857
57 3.7589 9.47549 0.304265 0.223405
58 5.93669 13.5209 0.319567 0.335853
59 7.89946 15.9541 0.343855 0.415163
60 7.87623 7.32457 0.549999 0.257973
61 6.98255 11.4176 0.398551 0.316348
62 14.3213 32.4598 0.312007 0.829891
63 6.54531 12.8257 0.35398 0.334108
64 10.189 23.5803 0.309801 0.594663
65 13.8523 12.7121 0.539335 0.462732
66 5.47385 11.1991 0.346607 0.285394
67 5.25342 12.8745 0.304589 0.311888
68 7.84563 14.3166 0.368653 0.384451
69 4.30469 10.6614 0.305606 0.254712
70 6.17855 9.08231 0.429647 0.259542
71 18.8721 25.125 0.437697 0.77802
72 5.02405 10.3495 0.346648 0.261914
73 17.9312 27.6917 0.400764 0.807824
74 6.8456 8.72601 0.465964 0.265
75 7.83044 5.53858 0.627004 0.224707
76 6.04971 13.4171 0.32549 0.335989
77 4.76941 9.74176 0.349899 0.246318
78 5.00221 12.5723 0.299639 0.301904
79 13.5964 29.9118 0.318955 0.770634
80 6.09118 12.0365 0.353167 0.311648
81 5.33259 7.81246 0.434792 0.221342
82 6.21341 8.49945 0.449189 0.249577
83 12.6178 27.4455 0.322022 0.708323
84 8.25126 11.887 0.428462 0.347566
85 6.77144 16.6117 0.300916 0.406935
86 5.28368 10.2329 0.361 0.264439
87 6.26417 12.5755 0.348797 0.324535
88 4.87744 11.6817 0.311086 0.283493
89 4.20581 9.4004 0.330493 0.230035
90 8.15075 20.7792 0.290583 0.50732
91 8.49254 21.5777 0.290941 0.52794
92 9.4119 22.9273 0.299181 0.568901
93 6.22684 13.0729 0.338059 0.332903
94 7.76531 19.8388 0.290577 0.48334
95 6.00083 10.2381 0.390714 0.277322
96 8.67709 8.2571 0.540499 0.289238
97 3.91993 9.70112 0.30767 0.230385
98 3.54617 9.43821 0.292974 0.218923
99 6.50396 11.0573 0.389904 0.301242
100 15.9245 15.2739 0.525249 0.546336
101 5.41205 14.0615 0.291077 0.33629
102 5.33898 8.71539 0.405266 0.23786
103 4.05964 10.7983 0.290438 0.252817
104 10.2313 18.9088 0.362045 0.510547
105 5.74085 9.18916 0.408611 0.253654
106 5.09502 7.85654 0.42208 0.217894
107 13.0603 22.3092 0.378678 0.622921
108 5.39056 7.9736 0.431804 0.225306
109 6.29537 10.7858 0.388583 0.292579
110 12.1487 26.9638 0.317761 0.691184
111 4.34928 11.0155 0.300273 0.261943
112 11.4036 27.7581 0.297889 0.69229
113 14.6685 22.729 0.401688 0.659311
114 7.83683 9.67624 0.47117 0.299991
115 4.32097 10.7533 0.304424 0.256673
116 8.71485 11.7197 0.445676 0.352819
117 8.73096 14.7446 0.386408 0.408061
118 4.43824 9.28569 0.345561 0.232109
119 4.07395 9.7539 0.314652 0.234059
120 8.13181 13.1128 0.399317 0.3677
121 5.42848 11.378 0.340855 0.287831
122 10.9148 22.5411 0.33506 0.588763
123 15.3962 30.968 0.338499 0.822012
124 4.55292 10.5312 0.320544 0.256787
125 13.5623 29.4247 0.322094 0.761173
126 4.11134 9.89172 0.3133 0.237271
127 8.32498 10.6115 0.46106 0.325714
128 6.61267 16.2865 0.300319 0.398187
129 8.49706 17.2743 0.341371 0.449836
130 5.23217 7.96014 0.424966 0.222229
131 4.00207 9.62565 0.313952 0.230483
132 6.7027 9.31344 0.442838 0.273116
133 6.07809 8.45664 0.445139 0.246379
134 7.7571 7.84618 0.526872 0.265318
135 8.09043 19.2746 0.305475 0.478905
136 4.77609 8.10001 0.398149 0.216612
137 5.53894 14.1046 0.295203 0.339342
138 6.92589 16.0226 0.313841 0.398996
139 9.09378 16.3754 0.369834 0.444178
140 19.9503 27.0602 0.432478 0.832462
141 9.39098 15.9894 0.383306 0.442479
142 8.94991 21.9554 0.298082 0.542982
143 6.46006 10.7056 0.39668 0.294067
144 7.6348 17.5124 0.314619 0.43874
145 6.4666 9.7567 0.42147 0.276945
146 13.4741 21.4965 0.395249 0.615558
147 8.04351 13.5513 0.388305 0.374086
148 10.6426 23.9901 0.315315 0.610221
149 9.56419 6.9961 0.609963 0.282196
150 15.7719 13.8214 0.549296 0.51722
151 7.09654 9.70218 0.445808 0.287222
152 8.01165 13.9621 0.379818 0.380979
153 5.23454 13.4965 0.29324 0.322851
154 16.7359 28.1477 0.380333 0.794731
155 5.36109 13.8426 0.292582 0.331402
156 11.301 29.0182 0.286545 0.713347
157 8.00539 16.8948 0.333283 0.434147
158 5.56014 12.279 0.327862 0.306555
159 4.08305 9.78275 0.314433 0.234786
160 7.61146 10.7506 0.435395 0.315479
161 5.12059 10.5521 0.346166 0.26732
162 8.28524 16.8355 0.341795 0.438076
163 4.06721 10.0634 0.306952 0.239601
164 4.66984 10.2871 0.331745 0.254444
165 6.79168 17.0985 0.295164 0.416141
166 6.0468 12.9067 0.334573 0.326664
167 11.4676 28.0182 0.297047 0.698158
168 5.28047 8.56824 0.407181 0.23414
169 6.38893 14.6069 0.317613 0.363671
170 4.14111 10.3881 0.303403 0.246822
171 6.84341 17.4913 0.291775 0.424203
172 4.84753 12.4517 0.295242 0.296946
173 5.58301 8.36908 0.427105 0.235933
174 9.3977 11.1886 0.476896 0.355383
175 6.70618 14.9653 0.32255 0.375856
176 7.07952 10.0029 0.43695 0.292381
177 7.75151 11.1005 0.431319 0.32434
178 3.95828 9.73899 0.308832 0.231759
179 9.67088 7.80852 0.582617 0.298863
180 7.86051 12.1059 0.411846 0.344554
181 4.49191 10.1126 0.3273 0.24809
182 4.26925 9.75685 0.324763 0.237646
183 8.53809 9.82394 0.488402 0.315217
184 8.36176 20.4454 0.299417 0.505029
185 8.61056 14.054 0.395265 0.393362
186 5.06469 11.3113 0.326845 0.280114
187 6.60178 6.64661 0.533777 0.222862
188 7.41567 16.09 0.32776 0.408979
189 4.41829 9.94924 0.327592 0.243807
190 3.92776 9.76665 0.30652 0.231715
191 14.4813 24.4672 0.380405 0.687541
192 9.23732 10.1871 0.498129 0.334319
193 4.55318 11.2932 0.304233 0.270636
194 4.78098 8.40501 0.38852 0.22224
195 3.76205 13.0969 0.235442 0.288655
196 8.8749 13.9983 0.403536 0.397076
197 11.4244 24.6037 0.325039 0.63535
198 12.4828 19.155 0.405847 0.555289
199 4.4514 11.641 0.292624 0.275133
200 3.88559 10.1506 0.295352 0.237936
201 7.08098 9.89599 0.439905 0.290464
202 3.92782 9.29303 0.318287 0.223112
203 5.36663 9.07172 0.395828 0.244827
204 4.01127 9.62547 0.314452 0.230644
205 7.85956 7.70335 0.535299 0.264556
206 4.62412 9.76859 0.342214 0.244207
207 5.67498 10.0168 0.383149 0.267512
208 18.5598 14.842 0.570693 0.585623
209 3.76576 9.87166 0.29519 0.230725
210 8.15734 16.6434 0.34102 0.432299
211 5.29607 13.1018 0.30233 0.316781
212 3.99334 9.86875 0.307612 0.234743
213 4.15145 9.09966 0.335586 0.2236
214 10.3781 16.4543 0.399895 0.46858
215 19.5832 25.0256 0.447836 0.788933
216 6.22302 12.115 0.356463 0.315433
217 5.94396 13.487 0.320419 0.335366
218 12.9098 23.9228 0.359082 0.649545
219 4.09431 10.1089 0.307314 0.240912
220 9.9837 23.2183 0.308886 0.584415
221 4.48429 8.84736 0.360146 0.22497
222 7.504 13.6074 0.370916 0.365455
223 7.19909 14.9758 0.338072 0.384863
224 7.88852 10.7708 0.4437 0.3208
225 4.98779 9.56184 0.364891 0.246955
226 4.82478 12.2112 0.298644 0.29217
227 5.41202 9.4883 0.386022 0.253207
228 3.9876 10.3908 0.295419 0.244125
229 5.59831 12.2207 0.330505 0.306179
230 11.663 20.4964 0.37287 0.564997
231 7.1196 8.40441 0.48619 0.264058
232 9.39437 12.8789 0.439135 0.386031
233 6.30936 7.16019 0.501172 0.226963
234 10.5396 22.3021 0.329761 0.57771
235 5.12435 10.4351 0.349092 0.265262
236 8.62816 11.6627 0.44451 0.350233
237 4.38361 9.8269 0.328849 0.240964
238 14.142 26.6868 0.354007 0.721798
239 5.04301 12.5932 0.30097 0.303014
240 7.59679 17.5216 0.313424 0.438228
241 14.0801 22.2299 0.39741 0.63972
242 3.90875 10.0894 0.297973 0.237239
243 8.53563 11.8205 0.438269 0.351445
244 6.53314 12.5859 0.358203 0.329533
245 5.23311 7.85953 0.428512 0.220418
246 7.06446 17.8269 0.294218 0.434253
247 10.8204 13.6971 0.457771 0.426401
248 14.3814 15.053 0.503654 0.514724
249 4.59008 9.78488 0.340142 0.243893
250 9.5303 19.2557 0.341518 0.504274
251 4.28602 9.22166 0.339424 0.228223
252 9.72708 21.8916 0.316448 0.555116
253 12.1101 18.3245 0.409759 0.533535
254 5.03989 8.79535 0.389034 0.233963
255 8.58818 20.4167 0.305362 0.508557
256 7.27055 8.6228 0.484284 0.270725
257 4.26285 9.07186 0.342278 0.225087
258 15.5854 30.7611 0.342791 0.821636
259 4.88643 8.69029 0.384868 0.229309
260 5.42512 8.90059 0.403494 0.242765
261 11.9131 21.538 0.365761 0.588394
262 9.70809 9.33524 0.534499 0.327264
263 11.776 12.7009 0.499056 0.425395
264 16.4935 21.8566 0.440183 0.676101
265 10.3915 6.02345 0.668926 0.279321
266 4.93169 10.3693 0.341987 0.260622
267 17.2733 25.7335 0.410035 0.760482
268 6.02866 8.20311 0.451537 0.240889
269 6.04973 8.66468 0.437307 0.249651
270 5.74747 12.9351 0.322852 0.321825
271 4.11431 9.51864 0.322625 0.230547
272 5.2051 11.1993 0.335293 0.28059
273 7.55836 10.5819 0.437915 0.311463
274 8.72003 15.4442 0.374509 0.420576
275 5.0581 11.1323 0.330378 0.276744
276 4.67336 10.7186 0.322042 0.262347
277 3.90962 9.79105 0.304955 0.231834
278 6.56551 6.65722 0.531948 0.222407
279 8.30313 19.4078 0.309465 0.485129
280 9.91463 16.5581 0.387405 0.462178
281 8.32461 18.3413 0.32284 0.466137
282 11.8466 9.6886 0.573552 0.371933
283 7.20515 10.4756 0.428867 0.303215
284 6.62836 13.386 0.346417 0.345773
285 3.98823 9.1178 0.326218 0.221009
286 6.78711 11.6784 0.385957 0.317589
287 15.2792 11.9918 0.578962 0.47517
288 4.40747 8.86981 0.355529 0.224004
289 4.71099 9.62552 0.350099 0.243161
290 6.17301 13.3746 0.330686 0.337422
291 5.30469 12.241 0.318306 0.301297
292 4.86129 9.2857 0.366429 0.239676
293 7.06875 12.407 0.380135 0.335863
294 7.08153 8.31482 0.487843 0.26175
295 5.84882 13.8781 0.310339 0.34077
296 12.7725 23.3935 0.361973 0.637473
297 10.3144 24.0708 0.307848 0.605817
298 9.24052 15.5873 0.385866 0.432484
299 10.5254 14.3694 0.438294 0.433337
300 6.13874 10.9846 0.377932 0.293388
301 8.20701 11.5528 0.434707 0.340703
302 4.88671 8.97995 0.376297 0.234576
303 4.27262 8.98524 0.345192 0.223688
304 4.8797 8.23866 0.398733 0.220984
305 6.37817 15.6236 0.301977 0.381949
306 4.75883 9.0959 0.366787 0.234395
307 11.0548 18.7899 0.381669 0.523115
308 3.99772 10.6032 0.291367 0.248164
309 4.80258 8.94956 0.373109 0.232519
310 4.04297 9.07711 0.330315 0.221249
311 5.74452 10.859 0.365354 0.284056
312 4.54969 11.6533 0.296927 0.277114
313 6.37318 15.8289 0.298905 0.38559
314 10.8538 9.6354 0.553516 0.353209
315 4.78055 10.0555 0.342553 0.252216
316 5.32105 7.54622 0.443905 0.216299
317 9.66222 10.8611 0.491893 0.354164
318 12.4102 20.4072 0.388583 0.576741
319 9.24939 21.0476 0.314427 0.531844
320 13.5951 28.1778 0.332459 0.739107
321 6.37647 10.9098 0.388668 0.296282
322 5.93125 11.6365 0.355432 0.301522
323 11.2218 20.5352 0.363439 0.55781
324 7.4535 8.21695 0.503952 0.266624
325 6.38165 16.275 0.293055 0.393846
326 18.318 18.1351 0.514945 0.641124
327 9.88551 10.3387 0.51104 0.348668
328 5.51381 14.3181 0.290942 0.342773
329 5.21539 12.6141 0.307708 0.306477
330 10.7293 11.7673 0.496353 0.389714
331 16.8035 21.5366 0.448575 0.675832
332 20.3149 16.4931 0.565439 0.64701
333 9.86548 25.2584 0.288098 0.619366
334 7.94063 7.49783 0.545444 0.262273
335 5.172 12.1044 0.315442 0.296441
336 6.93008 11.0666 0.404881 0.309032
337 5.35807 11.6416 0.332401 0.291361
338 13.8106 28.3619 0.334461 0.746304
339 5.87792 7.86258 0.457065 0.232006
340 10.317 13.3266 0.45323 0.410667
341 5.06745 10.3595 0.34836 0.262871
342 5.55043 9.32958 0.396469 0.252799
343 4.68482 10.5445 0.326492 0.259388
344 3.58169 9.5964 0.291248 0.222432
345 4.83027 12.3403 0.296513 0.294615
346 14.2332 10.1402 0.605847 0.422823
347 4.18039 9.21498 0.33403 0.226212
348 6.66648 12.8875 0.356999 0.337399
349 3.81672 9.83348 0.298885 0.230943
350 9.50126 22.2364 0.30791 0.557947
351 11.9637 18.6578 0.402261 0.536972
352 13.9501 18.1871 0.446306 0.563949
353 8.2116 13.9221 0.386366 0.38383
354 5.87165 11.778 0.350142 0.303026
355 8.76163 8.72577 0.527585 0.299265
356 13.9256 13.1603 0.531399 0.472187
357 5.61136 12.8609 0.318974 0.318043
358 10.5421 20.0298 0.355055 0.536473
359 5.72788 14.0581 0.302972 0.341878
360 7.74091 15.4237 0.347372 0.40269
361 4.1225 9.55261 0.322202 0.23131
362 4.67984 10.5713 0.32565 0.259786
363 15.0227 11.8121 0.57881 0.467316
364 7.66347 17.0521 0.321519 0.430891
365 4.26159 10.1439 0.315086 0.244541
366 9.74866 21.1409 0.324855 0.542469
367 6.77981 14.6634 0.329711 0.371688
368 10.8187 17.4009 0.395719 0.493658
369 5.25876 13.4193 0.295473 0.321882
370 8.72722 19.2024 0.322642 0.488981
371 6.04923 14.8076 0.302818 0.361242
372 3.95306 9.99428 0.302522 0.236303
373 5.38251 12.4305 0.317878 0.30613
374 5.72956 8.95757 0.414982 0.249245
375 9.01202 8.73291 0.534376 0.303872
376 6.19872 9.80302 0.409931 0.272996
377 6.94568 11.9926 0.384633 0.326134
378 4.70772 10.781 0.322262 0.264094
379 9.40843 6.29164 0.634859 0.266611
380 15.7796 31.1825 0.342425 0.832765
381 6.88363 14.6944 0.33258 0.374109
382 8.6721 4.98565 0.678706 0.229714
383 13.7242 20.4078 0.412737 0.600252
384 6.00392 9.57109 0.408578 0.265298
385 11.3059 18.0964 0.396392 0.515007
386 10.9383 18.1411 0.387895 0.509245
387 9.80871 21.4949 0.322408 0.549975
388 9.87774 23.4532 0.304393 0.586788
389 4.222 10.0022 0.3164 0.241259
390 6.05189 13.5464 0.32332 0.338376
391 4.61675 10.7899 0.31782 0.262629
392 8.64622 20.9042 0.301577 0.518452
393 4.5993 8.68165 0.370893 0.224017
394 8.45025 16.4879 0.351247 0.434712
395 4.14125 8.85328 0.341852 0.218941
396 4.5866 9.07616 0.358821 0.230956
397 11.6599 15.261 0.447758 0.469827
398 8.02608 18.1733 0.316998 0.457745
399 5.13486 13.0991 0.295896 0.313848
400 5.33313 9.52732 0.38148 0.252505
401 6.05842 8.36674 0.447287 0.244394
402 12.4838 12.9756 0.507905 0.443044
403 5.39731 12.1724 0.323398 0.301707
404 8.43667 14.0144 0.391118 0.389531
405 15.0412 24.019 0.393956 0.689413
406 10.4332 19.2704 0.361973 0.520729
407 4.54801 8.92382 0.361197 0.227498
408 5.90237 14.2236 0.306686 0.348005
409 6.06048 9.46624 0.413787 0.264405
410 5.69467 7.52095 0.461657 0.222522
411 9.16956 10.3669 0.491504 0.336375
412 6.45954 14.2675 0.325471 0.358769
413 9.57158 18.9094 0.346789 0.498759
414 11.6328 19.2496 0.387734 0.541806
415 8.50364 16.9343 0.346274 0.443776
416 8.47911 19.8538 0.308864 0.49638
417 7.05265 14.9027 0.334645 0.380916
418 4.85433 12.4679 0.295242 0.297363
419 3.5554 9.35018 0.295662 0.217489
420 3.93293 9.82381 0.305437 0.232846
421 6.49647 8.43587 0.462317 0.253484
422 3.71733 9.2854 0.30665 0.219208
423 7.30291 8.29646 0.496155 0.265375
424 5.61447 10.2453 0.374814 0.27058
425 4.5682 12.1301 0.288798 0.286109
426 4.06162 10.4589 0.29777 0.246685
427 5.89346 7.67347 0.464543 0.228849
428 5.63757 8.18638 0.435549 0.23359
429 17.5469 16.7553 0.525013 0.602265
430 5.08525 12.4778 0.304821 0.301673
431 5.54926 7.98201 0.438645 0.228298
432 8.44251 13.9386 0.392662 0.388258
433 4.93654 9.1194 0.374673 0.238001
434 8.60574 12.7961 0.419354 0.370421
435 5.08006 10.4134 0.347636 0.264077
436 9.07223 11.4845 0.461072 0.354937
437 7.53915 8.88797 0.484934 0.280347
438 4.70969 10.2093 0.33548 0.253744
439 3.99463 10.6009 0.291255 0.248068
440 5.13313 8.87971 0.390873 0.237163
441 12.2158 8.1596 0.626611 0.350759
442 9.923 15.444 0.405241 0.442088
443 10.2224 14.5296 0.428224 0.43083
444 5.01618 10.6084 0.340213 0.266476
445 6.81123 14.4854 0.333618 0.369017
446 7.00961 16.0863 0.315527 0.40165
447 12.2624 14.2827 0.477793 0.46283
448 8.0193 10.7965 0.44712 0.323607
449 5.61553 8.39378 0.427721 0.236963
450 10.2433 14.7009 0.425672 0.434316
451 12.0376 18.5981 0.404553 0.537209
452 4.01112 10.4624 0.295084 0.245845
453 4.28322 9.16906 0.340697 0.227217
454 10.0506 4.81759 0.718524 0.251316
455 10.1961 12.2209 0.47343 0.388417
456 5.02341 9.62226 0.364932 0.24869
457 5.9151 11.7753 0.351878 0.303754
458 4.33906 11.3135 0.293732 0.267173
459 5.2484 13.2376 0.298109 0.318394
460 7.71928 9.35623 0.476641 0.292075
461 4.01731 9.9857 0.306135 0.237297
462 6.41363 14.2695 0.323875 0.357983
463 5.81187 13.3043 0.318706 0.329685
464 8.57609 5.73902 0.638351 0.241685
465 5.93181 14.8458 0.298121 0.359836
466 9.69038 6.10445 0.64973 0.268253
467 4.82472 10.7591 0.328135 0.265789
468 6.96707 16.6053 0.307027 0.410317
469 18.2655 25.9148 0.421837 0.781521
470 6.01299 9.50396 0.410819 0.264241
471 9.15528 20.5884 0.317194 0.521818
472 5.09675 9.44724 0.373016 0.246822
473 10.3963 26.0993 0.291906 0.644137
474 3.82718 10.005 0.295493 0.234246
475 4.37152 9.0422 0.348791 0.226492
476 9.39924 19.8715 0.331072 0.513156
477 8.11113 19.9569 0.298338 0.491671
478 8.57631 13.2109 0.410215 0.377431
479 7.73738 13.2456 0.384894 0.363057
480 13.277 16.8044 0.454677 0.526789
481 8.49831 11.1129 0.453707 0.337921
482 12.2303 29.6818 0.298069 0.742023
483 5.55995 13.7008 0.302494 0.332382
484 4.26778 9.77507 0.324238 0.23795
485 4.11192 10.688 0.295406 0.251747
486 5.73274 9.34913 0.403671 0.256416
487 17.7966 23.0241 0.445579 0.720619
488 11.3992 24.6161 0.324441 0.635124
489 4.47593 9.34333 0.345928 0.23383
490 4.43263 10.6866 0.311305 0.257458
491 4.93911 11.7798 0.31184 0.286379
492 7.20361 8.12998 0.498408 0.260575
493 4.06276 10.0727 0.306505 0.23969
494 10.8284 13.0638 0.470557 0.415038
495 9.37044 11.4333 0.470323 0.359341
496 8.5836 14.7915 0.381582 0.406278
497 12.5858 14.7178 0.476314 0.476519
498 15.6663 29.5761 0.353146 0.801553
499 13.9406 33.372 0.300235 0.839656
500 4.15971 9.14392 0.334832 0.224551
501 7.98964 8.71881 0.504776 0.285331
502 7.09368 11.3659 0.403527 0.317395
503 7.95911 7.58752 0.542681 0.264233
504 4.53228 9.81887 0.336452 0.243477
505 11.0241 10.0949 0.544705 0.364604
506 7.44746 7.31408 0.536515 0.250114
507 4.2458 11.1457 0.292588 0.262458
508 5.7599 14.7517 0.293404 0.355051
509 3.82385 9.37892 0.310317 0.222813
510 13.5579 17.1107 0.455143 0.537377
511 14.4552 23.3577 0.391395 0.666918
512 14.6581 33.1671 0.312242 0.848764
513 5.27591 7.57972 0.440567 0.2161
514 4.44709 11.1876 0.301408 0.26682
515 4.67361 9.99463 0.338965 0.249198
516 5.70447 7.35937 0.468213 0.219762
517 5.68292 10.7076 0.3664 0.280203
518 9.83682 22.227 0.315449 0.563778
519 5.45465 13.2249 0.306455 0.321853
520 6.55103 13.6495 0.339076 0.349177
521 6.85543 10.4114 0.418359 0.295794
522 9.51154 13.0586 0.438526 0.391391
523 5.10168 11.1343 0.332234 0.27756
524 10.3415 18.1158 0.375005 0.498111
525 21.029 19.9705 0.524164 0.722956
526 9.8381 10.0019 0.518897 0.341701
527 3.69654 9.67318 0.295975 0.225881
528 5.53856 8.62998 0.416803 0.239878
529 6.596 11.461 0.384009 0.310223
530 7.47607 11.368 0.416177 0.324272
531 8.06036 14.8491 0.365896 0.397966
532 5.7503 10.9942 0.362471 0.286616
533 7.18803 11.8439 0.395999 0.327768
534 6.96309 11.1246 0.404658 0.310677
535 7.59354 8.56037 0.497169 0.275368
536 9.88474 4.5678 0.728308 0.243811
537 8.35172 9.75389 0.484853 0.310611
538 4.2343 9.61592 0.326472 0.23446
539 12.9709 16.0423 0.461058 0.507468
540 6.8761 11.5272 0.392405 0.316435
541 5.81139 15.1036 0.290067 0.362366
542 5.18332 9.45686 0.376699 0.248546
543 15.5381 21.2994 0.432128 0.648892
544 5.70011 8.45558 0.429376 0.239599
545 3.72735 9.81794 0.294304 0.229062
546 5.50761 10.686 0.359664 0.276675
547 5.61375 9.36752 0.398112 0.254621
548 6.06437 8.57986 0.4406 0.248372
549 4.91032 9.59149 0.360484 0.246108
550 4.62675 9.64712 0.345447 0.242047
551 8.06151 16.3837 0.3421 0.425865
552 5.39913 14.0904 0.290133 0.336584
553 8.24209 11.8949 0.428013 0.347546
554 5.34269 13.9955 0.289454 0.33385
555 5.61121 10.1996 0.375823 0.269692
556 4.87778 9.27578 0.367491 0.239791
557 12.9708 30.4379 0.304992 0.769005
558 6.08338 12.0713 0.352164 0.31214
559 7.1622 10.9965 0.41452 0.31191
560 7.96804 14.4659 0.369685 0.389352
561 12.4158 27.55 0.317658 0.70661
562 5.95835 7.21861 0.484552 0.221746
563 6.43603 10.8996 0.391123 0.297161
564 10.7613 16.4263 0.409063 0.474926
565 18.965 24.7329 0.442925 0.772558
566 10.8222 15.5343 0.424799 0.45981
567 7.9759 12.8449 0.399985 0.360044
568 4.2378 9.01092 0.342632 0.223532
569 4.17412 9.11846 0.336291 0.224347
570 14.4724 17.6876 0.462678 0.564214
571 3.93745 10.3945 0.292711 0.243296
572 7.40049 14.8101 0.346949 0.385455
573 5.63367 7.93107 0.444142 0.228882
574 3.92139 10.3576 0.29267 0.242337
575 4.30059 8.68182 0.35536 0.218676
576 8.69592 22.1477 0.29022 0.541932
577 9.69403 18.714 0.352156 0.4974
578 11.6925 18.9244 0.393202 0.536964
579 5.1774 8.64722 0.399976 0.233731
580 11.5721 27.3414 0.304262 0.687731
581 5.48353 13.7883 0.298157 0.332605
582 4.69991 8.95743 0.367842 0.230826
583 7.99581 10.4964 0.454002 0.317734
584 6.62311 14.5358 0.326606 0.366569
585 10.1236 17.3701 0.380395 0.480668
586 10.2177 9.40714 0.545104 0.337685
587 11.8925 27.4867 0.308905 0.6961
588 17.3721 27.4671 0.39519 0.793743
589 8.23005 17.8615 0.326445 0.455728
590 7.52616 17.3459 0.313699 0.433772
591 8.67354 12.2561 0.432611 0.361824
592 4.55012 10.0917 0.330641 0.248753
593 5.43779 13.2626 0.30515 0.322237
594 9.07953 5.78819 0.649123 0.251582
595 5.74015 13.1945 0.317938 0.326408
596 16.849 26.3113 0.398511 0.763389
597 4.89561 8.51394 0.390736 0.22627
598 10.7426 25.0215 0.307955 0.630748
599 5.71562 10.3955 0.375268 0.275119
600 8.07143 17.6163 0.325364 0.448436
601 15.9691 25.264 0.395738 0.728626
602 9.48701 15.4937 0.393646 0.435193
603 14.7841 25.0467 0.379562 0.703485
604 4.22504 9.12212 0.338903 0.225324
605 5.07214 12.3826 0.306023 0.299709
606 12.5485 21.8113 0.374812 0.604722
607 6.46463 12.9025 0.349689 0.334061
608 11.3194 9.01655 0.581807 0.350294
609 6.74002 15.5287 0.315126 0.386697
610 8.11918 12.082 0.420229 0.348747
611 4.01098 10.0419 0.304496 0.238204
612 13.3044 17.76 0.440775 0.54464
613 5.81448 11.7987 0.34749 0.302378
614 5.8501 7.96595 0.452244 0.233387
615 12.1222 18.4844 0.407795 0.536657
616 5.84029 9.89646 0.393116 0.268282
617 21.585 20.463 0.524319 0.741847
618 3.97584 8.99407 0.328866 0.21854
619 5.65497 7.33703 0.466903 0.218471
620 7.64091 14.8315 0.353877 0.390143
621 4.56643 10.0576 0.332257 0.248425
622 17.1171 24.6946 0.418191 0.738814
623 3.39226 15.9776 0.18347 0.334375
624 7.26113 13.4583 0.366001 0.358403
625 5.91285 12.6678 0.334054 0.319928
626 5.03542 10.5393 0.342678 0.265564
627 4.58091 8.641 0.371178 0.222949
628 6.20086 15.2115 0.30201 0.371291
629 10.5061 18.4505 0.374198 0.507135
630 4.95036 8.23868 0.402184 0.222248
631 11.6459 22.0312 0.355092 0.592574
632 9.42104 8.52544 0.552031 0.307419
633 3.79657 9.13644 0.314998 0.21792
634 7.55865 10.9698 0.428298 0.318516
635 6.73909 14.8322 0.325702 0.374028
636 7.48933 11.5614 0.412172 0.328024
637 6.34486 10.3734 0.400612 0.285972
638 6.98551 16.7628 0.305472 0.413508
639 6.08963 12.7268 0.339519 0.324161
640 4.37509 10.0408 0.32323 0.244697
641 7.21842 7.15002 0.53517 0.243037
642 5.56251 11.2435 0.349281 0.287785
643 7.39418 13.5522 0.368492 0.36249
644 9.10234 16.2993 0.371201 0.442948
645 8.30976 4.60449 0.690529 0.216309
646 10.2373 21.825 0.328308 0.563637
647 7.41073 14.9036 0.345746 0.387337
648 6.67693 7.75264 0.492791 0.2443
649 4.11214 10.2821 0.30429 0.244377
650 5.45772 10.9954 0.350465 0.281404
651 11.436 14.3757 0.458698 0.449739
652 6.02503 12.9544 0.332892 0.32714
653 5.7456 8.72921 0.422643 0.245383
654 11.5248 18.6147 0.393886 0.528338
655 6.62772 16.5036 0.297862 0.402401
656 5.78126 7.60111 0.462426 0.225527
657 4.13698 9.54828 0.323078 0.231491
658 10.795 22.3773 0.334294 0.583646
659 5.32576 8.83043 0.401162 0.239713
660 13.7421 19.978 0.418459 0.592763
661 12.005 26.9357 0.315419 0.688103
662 7.58173 5.37391 0.627871 0.217267
663 3.81486 10.0902 0.292894 0.235574
664 4.80612 9.95873 0.34615 0.250916
665 12.4159 21.4611 0.376278 0.595988
666 4.79344 8.14257 0.397609 0.217696
667 5.3565 10.4973 0.357732 0.270545
668 4.93472 9.95486 0.352248 0.253146
669 4.61076 10.9961 0.313092 0.266268
670 8.44406 12.3842 0.423306 0.360047
671 6.423 10.3541 0.404045 0.287018
672 8.96412 8.72526 0.533292 0.302877
673 6.95396 6.35113 0.559686 0.223793
674 14.0997 15.7181 0.487248 0.521769
675 9.08415 14.6235 0.397952 0.412177
676 4.8989 10.6486 0.334005 0.265108
677 9.54748 6.78179 0.618003 0.278003
678 19.8034 10.6939 0.668649 0.532511
679 4.33075 9.43929 0.335985 0.232977
680 10.8841 19.3501 0.370789 0.530239
681 5.15537 9.84672 0.365066 0.255128
682 5.24183 13.2433 0.29775 0.318381
683 3.85026 9.01354 0.321298 0.216648
684 8.5985 5.89088 0.631823 0.244845
685 7.36169 12.0874 0.396456 0.335297
686 10.1444 8.82396 0.560836 0.32578
687 9.9351 17.8505 0.369263 0.486023
688 3.63534 9.47467 0.297256 0.22118
689 6.27426 14.1013 0.321835 0.352435
690 16.9946 12.3514 0.597021 0.512382
691 9.24726 13.8349 0.416509 0.400769
692 5.57682 8.17108 0.433402 0.232225
693 6.66209 14.8669 0.32264 0.373281
694 4.66769 10.9844 0.315988 0.267073
695 6.08665 7.58765 0.475744 0.230745
696 11.5023 17.0051 0.416343 0.498694
697 7.30407 15.0936 0.339451 0.388881
698 11.3859 26.6421 0.306505 0.671696
699 8.74791 12.8138 0.422985 0.373287
700 4.16129 10.3279 0.305778 0.246089
701 11.957 9.77913 0.573318 0.375552
702 7.58644 14.2658 0.361743 0.378893
703 6.29765 11.1335 0.380503 0.298936
704 10.6171 26.1657 0.29572 0.649291
705 8.45484 16.1397 0.356531 0.428468
706 4.57427 9.77848 0.339529 0.243495
707 5.92112 8.06909 0.451654 0.236531
708 17.6923 28.6642 0.389046 0.82122
709 7.40196 7.834 0.515615 0.258745
710 5.6493 7.54806 0.458658 0.222203
711 9.02075 15.926 0.374828 0.434706
712 3.75262 9.15281 0.312066 0.217431
713 4.32689 9.41377 0.336453 0.232444
714 4.02837 10.6563 0.291819 0.249678
715 12.7634 9.85124 0.587246 0.391284
716 4.19526 10.6065 0.301353 0.251758
717 4.80421 10.8138 0.325982 0.266416
718 10.5775 22.7616 0.325874 0.586736
719 5.41863 12.563 0.316855 0.309184
720 9.64708 12.8605 0.446063 0.390216
721 3.90842 10.0352 0.299191 0.236248
722 4.35014 9.50188 0.335357 0.234461
723 4.89136 9.36483 0.365686 0.241652
724 5.25588 10.1085 0.362873 0.261682
725 4.32421 10.3285 0.313976 0.249014
726 9.00558 12.8725 0.428883 0.378962
727 9.45887 17.1008 0.368345 0.463887
728 7.88199 10.9063 0.44014 0.323145
729 12.8685 29.1536 0.312784 0.74384
730 4.86868 9.62517 0.357636 0.245975
731 6.34831 9.76996 0.416613 0.275071
732 3.67811 9.4758 0.299677 0.221966
733 10.6086 9.91579 0.540042 0.353918
734 4.35391 9.33888 0.339819 0.231567
735 7.88741 23.9079 0.255132 0.558849
736 5.53211 9.97213 0.378292 0.264145
737 5.17412 10.7441 0.344073 0.271766
738 10.0987 21.8108 0.325458 0.5609
739 7.49007 17.3132 0.313092 0.432533
740 6.95774 14.6059 0.336394 0.373827
741 5.78306 8.44122 0.433385 0.240822
742 5.51083 8.80377 0.410207 0.242539
743 11.6425 21.4905 0.360979 0.58269
744 5.40595 9.19631 0.393965 0.247794
745 6.06457 14.9821 0.300728 0.364686
746 6.0751 11.3305 0.367625 0.298534
747 5.98461 15.7028 0.287624 0.37635
748 5.98236 15.3992 0.291805 0.370794
749 4.31488 8.85843 0.351004 0.22214
750 9.62678 14.8924 0.407245 0.426767
751 8.77651 20.5393 0.308647 0.514152
752 5.49097 8.99143 0.403687 0.245593
753 6.44388 10.9315 0.390655 0.297882
754 16.9557 26.0819 0.402201 0.76113
755 10.9802 15.43 0.430092 0.46074
756 5.8181 7.49569 0.46794 0.224271
757 3.85053 9.4192 0.310793 0.224022
758 11.4535 6.71706 0.662427 0.310917
759 8.47947 18.0144 0.331055 0.462967
760 4.20923 11.0529 0.292678 0.260118
761 15.0881 21.9904 0.41682 0.653396
762 13.9 15.7185 0.483679 0.518204
763 6.49597 13.5223 0.339429 0.345881
764 7.17298 15.9667 0.322246 0.402398
765 6.25497 15.9588 0.293201 0.385835
766 6.96042 14.5427 0.337511 0.372726
767 4.72711 9.08453 0.365556 0.233621
768 5.24977 10.2575 0.358912 0.264279
769 5.85801 13.1986 0.322289 0.32859
770 6.15552 6.728 0.512824 0.21636
771 5.25716 8.17418 0.418864 0.226564
772 13.4234 19.8087 0.414921 0.583988
773 6.25085 11.354 0.373754 0.302104
774 4.17949 9.73643 0.320622 0.235669
775 5.81286 13.1458 0.321537 0.326823
776 7.07153 14.376 0.343825 0.371685
777 18.932 27.7018 0.413783 0.825908
778 6.38222 7.43405 0.493372 0.233241
779 6.2387 12.0031 0.359342 0.313679
780 18.9661 22.2859 0.469789 0.728123
781 7.23896 18.2177 0.294551 0.444474
782 8.88224 5.10649 0.6776 0.235668
783 13.3317 18.4421 0.431538 0.557519
784 5.15753 12.5427 0.306633 0.304145
785 7.75785 18.2118 0.30921 0.453647
786 6.14747 11.7613 0.361011 0.307656
787 3.83351 9.76505 0.301419 0.23
788 4.63956 11.6325 0.301433 0.278344
789 14.1081 29.4543 0.33054 0.771473
790 5.45733 13.6419 0.299543 0.329476
791 6.53726 16.0148 0.30165 0.391902
792 11.0391 25.7069 0.307791 0.648503
793 6.57391 6.64756 0.532683 0.222381
794 10.6673 17.2594 0.394408 0.48838
795 5.11749 8.23926 0.410173 0.225248
796 16.137 30.4201 0.353287 0.825305
797 11.8305 30.27 0.287008 0.745562
798 10.0808 19.8865 0.346575 0.525618
799 4.89212 12.259 0.30067 0.294243
800 5.8301 7.63011 0.463447 0.226928
801 5.52745 10.42 0.366857 0.272197
802 7.34791 15.9836 0.327285 0.405834
803 8.05438 11.7702 0.425163 0.341923
804 7.29268 10.096 0.441759 0.297884
805 5.96563 9.20159 0.41756 0.257901
806 7.14438 13.3724 0.363833 0.354755
807 4.72034 11.1945 0.313966 0.271833
808 8.85657 21.6892 0.298549 0.536475
809 3.748 9.32341 0.307438 0.220448
810 12.968 21.6405 0.384487 0.609122
811 5.27734 12.4837 0.312626 0.305216
812 3.74599 9.23656 0.30953 0.218834
813 8.57275 14.7144 0.382597 0.404682
814 5.61974 14.6833 0.289338 0.351302
815 5.10855 12.1169 0.312543 0.295533
816 4.69011 9.21704 0.360035 0.235367
817 12.1314 24.8044 0.336465 0.651641
818 12.0403 30.5586 0.288608 0.754557
819 3.90579 10.0198 0.299404 0.235921
820 10.4555 7.72027 0.604525 0.311293
821 9.09342 17.9156 0.348024 0.472153
822 4.97335 8.24075 0.403231 0.222697
823 4.60802 9.93505 0.33727 0.246943
824 8.46517 19.6274 0.31108 0.492016
825 9.87864 14.2173 0.425517 0.419008
826 4.39595 9.87302 0.328335 0.242023
827 5.71498 8.89303 0.416311 0.247812
828 7.26733 9.32547 0.46252 0.283433
829 8.73552 16.9435 0.352257 0.448091
830 9.28536 4.75291 0.705686 0.236454
831 5.3141 8.5043 0.410734 0.23358
832 4.80829 8.89089 0.375096 0.231556
833 4.80846 12.4661 0.293303 0.296509
834 7.32959 13.3423 0.37034 0.35752
835 5.72863 13.0268 0.320481 0.323155
836 4.77946 10.5418 0.330966 0.261032
837 5.53393 10.2153 0.372181 0.268596
838 5.03678 12.9882 0.293783 0.310078
839 13.7854 25.76 0.356533 0.698583
840 10.8984 17.2456 0.399741 0.492264
841 6.7166 16.9601 0.294635 0.412283
842 3.75459 9.56138 0.301922 0.224889
843 5.90455 10.9858 0.368803 0.289222
844 7.80208 16.3255 0.335613 0.420169
845 6.62565 7.33724 0.50645 0.235836
846 8.20417 15.3706 0.361506 0.410011
847 6.56036 11.7869 0.375588 0.315505
848 3.91472 9.09179 0.322832 0.219222
849 10.4917 14.5598 0.434059 0.436196
850 5.90517 8.85678 0.425396 0.250555
851 4.2883 9.06677 0.343759 0.22545
852 5.42847 8.08442 0.429721 0.227998
853 11.8458 15.3443 0.450243 0.474666
854 10.0724 13.5638 0.442628 0.410601
855 6.29976 8.8303 0.442098 0.257132
856 7.55466 7.44638 0.535006 0.254435
857 13.4795 15.6191 0.477687 0.508877
858 8.61823 14.5911 0.385966 0.403256
859 6.23995 12.5016 0.349357 0.322759
860 6.60022 12.6745 0.358818 0.332343
861 5.83572 14.5208 0.299633 0.352213
862 8.81608 18.6958 0.331039 0.481368
863 14.8975 21.8076 0.415844 0.646667
864 8.54452 21.204 0.295984 0.522079
865 6.74141 12.2555 0.372113 0.327256
866 13.7443 28.826 0.329679 0.753553
867 8.55721 9.19985 0.507042 0.304221
868 10.4243 18.0766 0.377411 0.498882
869 8.26471 11.3496 0.441162 0.338044
870 10.6225 15.8441 0.415165 0.461866
871 8.97121 18.3442 0.339368 0.477753
872 15.5056 19.161 0.458931 0.60946
873 6.02876 15.5848 0.290778 0.374995
874 18.8551 25.6464 0.432246 0.78719
875 6.64448 17.2106 0.289209 0.415544
876 5.28262 12.2717 0.316819 0.301458
877 5.38094 9.51443 0.383941 0.253126
878 6.45154 13.8174 0.332749 0.350448
879 6.15814 15.9761 0.289742 0.384418
880 12.7033 30.2085 0.302233 0.760053
881 6.37023 11.4637 0.375745 0.306234
882 5.50461 13.6427 0.301343 0.330337
883 5.23244 8.72645 0.400078 0.236155
884 7.97289 19.5366 0.299405 0.481562
885 6.82448 8.97918 0.457304 0.269221
886 6.36912 9.58415 0.422554 0.272067
887 9.54151 21.114 0.320452 0.538275
888 8.93766 22.0497 0.296864 0.544475
889 10.3462 18.7265 0.366987 0.509291
890 4.40367 9.47051 0.338904 0.234848
891 6.04504 10.7037 0.380949 0.286609
892 14.0389 25.3756 0.364324 0.696134
893 8.11998 8.27782 0.523281 0.27965
894 6.30275 11.0488 0.382651 0.297489
895 7.61664 10.6309 0.438564 0.313397
896 8.60801 21.0806 0.298803 0.520973
897 10.6388 13.1598 0.464207 0.413392
898 8.16027 15.7173 0.354837 0.415526
899 4.2063 11.1747 0.290077 0.262278
900 6.63328 16.2431 0.301567 0.397768
901 5.24547 12.6979 0.307417 0.308538
902 3.98277 10.7206 0.288126 0.249991
903 4.01232 10.54 0.29347 0.247278
904 4.65846 8.48293 0.37994 0.221464
905 4.34815 10.783 0.305116 0.257699
906 18.0062 26.6449 0.411376 0.790147
907 12.7576 24.0223 0.355369 0.64863
908 5.60866 8.30753 0.430249 0.235274
909 5.29467 12.3174 0.316446 0.302504
910 6.33266 12.8677 0.345669 0.331068
911 4.82108 10.5183 0.33343 0.26135
912 10.4947 26.1195 0.293691 0.646263
913 7.27293 15.1878 0.337015 0.390036
914 6.13313 14.5447 0.309794 0.357965
915 5.47665 9.92907 0.377041 0.262371
916 5.49236 8.40715 0.421868 0.235003
917 5.99542 14.3842 0.307469 0.352587
918 5.77713 7.48 0.466772 0.223253
919 5.55782 12.5635 0.322361 0.311683
920 7.7637 18.5469 0.305294 0.45984
921 7.91677 11.8595 0.418966 0.341085
922 12.6123 12.4787 0.52094 0.436316
923 12.9037 31.5109 0.296403 0.787299
924 11.4893 25.6805 0.316601 0.656073
925 4.79567 11.2923 0.315346 0.274957
926 8.20679 17.7506 0.327264 0.453297
927 14.7406 21.3219 0.41898 0.635035
928 4.14896 10.3031 0.305706 0.245418
929 5.81407 13.7347 0.311438 0.337544
930 8.29397 20.2188 0.300153 0.4997
931 5.47169 9.25895 0.39506 0.250108
932 5.36675 9.49682 0.3838 0.252552
933 10.5402 17.3128 0.390772 0.487077
934 5.48458 12.6297 0.318242 0.311576
935 13.2854 11.4193 0.557641 0.429108
936 14.2233 8.49373 0.651348 0.392734
937 20.9844 23.7663 0.478328 0.791114
938 13.6125 21.3779 0.399077 0.615878
939 5.78742 8.14605 0.443375 0.235537
940 5.36663 8.66685 0.408012 0.237472
941 14.9985 16.4086 0.491324 0.550388
942 5.10557 9.72725 0.365926 0.252067
943 8.94854 8.48791 0.540498 0.298286
944 7.92024 6.06268 0.60448 0.235835
945 16.7288 19.2331 0.476856 0.632648
946 6.31407 7.81279 0.476659 0.238903
947 6.38644 11.5674 0.374055 0.308407
948 4.61994 9.31576 0.353873 0.235905
949 10.7762 23.9426 0.31846 0.611746
950 4.20171 8.77587 0.347328 0.218616
951 5.31121 7.7977 0.434328 0.220692
952 6.755 6.5802 0.542359 0.224396
953 5.29631 12.5054 0.312995 0.30595
954 15.4204 28.1847 0.360925 0.771876
955 5.70669 9.69115 0.39309 0.262163
956 6.32274 12.365 0.355063 0.321757
957 10.5668 14.8969 0.429836 0.443664
958 4.23893 9.37596 0.332869 0.230184
959 4.33363 10.5355 0.309794 0.252942
960 7.05527 7.96272 0.499042 0.254883
961 6.59018 15.0657 0.31721 0.375605
962 5.92869 15.1595 0.293386 0.365478
963 5.14173 12.014 0.315921 0.294257
964 4.35157 11.3959 0.292699 0.268894
965 13.7979 33.8667 0.294927 0.846093
966 7.51657 15.9306 0.333081 0.407887
967 4.5905 11.5154 0.301499 0.27534
968 5.6795 14.4876 0.294477 0.348815
969 7.02584 10.3277 0.426502 0.297321
970 5.78664 7.68662 0.459516 0.227177
971 6.29886 13.6323 0.330634 0.344355
972 7.5032 18.3209 0.300805 0.451075
973 4.75027 12.3201 0.293407 0.292817
974 11.6653 19.3303 0.387355 0.543851
975 9.26214 6.92391 0.605143 0.275482
976 4.18374 9.31989 0.33143 0.228178
977 5.92308 12.9982 0.328313 0.326113
978 5.48018 11.5127 0.340119 0.291203
979 9.28999 22.0876 0.304617 0.551465
980 4.50306 10.7042 0.314308 0.259038
981 5.21263 12.0342 0.318494 0.295892
982 6.94521 9.79873 0.437808 0.286269
983 8.27315 9.07388 0.502417 0.296852
984 9.36243 9.80675 0.511921 0.329648
985 8.02677 12.8735 0.400939 0.361473
986 8.0535 16.3759 0.341988 0.425581
987 22.6776 17.7129 0.57397 0.711429
988 11.1314 15.2833 0.435938 0.46078
989 5.14279 11.2026 0.332543 0.279535
990 4.31708 10.5862 0.307859 0.253568
991 16.1918 29.7859 0.359041 0.814762
992 18.5006 26.3691 0.42057 0.793979
993 6.33897 9.15175 0.433868 0.263673
994 5.38884 10.5946 0.356804 0.272891
995 3.91487 9.56498 0.310716 0.227821
996 5.83103 14.0063 0.307593 0.342781
997 10.8766 25.1505 0.309462 0.635488
998 5.58829 12.0619 0.333235 0.303114
999 12.4922 27.536 0.319103 0.707722
1000 4.09974 9.01506 0.335098 0.221138
